rs2247809
rs76257167
