rs2986033
